{
 "cells": [
  {
   "cell_type": "markdown",
   "id": "978ceed8",
   "metadata": {},
   "source": [
    "# Causal Attention\n",
    "\n",
    "It restricts a model to only consider previous and current inputs in a sequence\n",
    "when processing any given token when computing attention scores. This is in contrast\n",
    "to the standard self-attention mechanism, which allows access to the entire input\n",
    "sequence at once."
   ]
  },
  {
   "cell_type": "markdown",
   "id": "9ae7060c",
   "metadata": {},
   "source": [
    "Step 0: Setting up embeddings, self attention params, and class using nn.linear"
   ]
  },
  {
   "cell_type": "code",
   "execution_count": 29,
   "id": "d22a5463",
   "metadata": {},
   "outputs": [],
   "source": [
    "import torch\n",
    "import torch.nn as nn\n",
    "\n",
    "inputs = torch.tensor([\n",
    "    [0.43, 0.15, 0.89], # Your (x^1)\n",
    "    [0.55, 0.87, 0.66], # journey (x^2)\n",
    "    [0.57, 0.85, 0.64], # starts (x^3)\n",
    "    [0.22, 0.58, 0.33], # with (x^4)\n",
    "    [0.77, 0.25, 0.10], # one (x^5)\n",
    "    [0.05, 0.80, 0.55]  # step (x^6)\n",
    "])\n",
    "\n",
    "d_in = inputs.shape[1]\n",
    "d_out = 2\n",
    "\n",
    "class SelfAttention_v2(nn.Module):\n",
    "    def __init__(self, d_in, d_out, qkv_bias=False):\n",
    "        super().__init__()\n",
    "        self.W_query = nn.Linear(d_in, d_out, bias=qkv_bias)\n",
    "        self.W_key = nn.Linear(d_in, d_out, bias=qkv_bias)\n",
    "        self.W_value = nn.Linear(d_in, d_out, bias=qkv_bias)\n",
    "    \n",
    "    def forward(self, x):\n",
    "        keys = self.W_key(x)\n",
    "        queries = self.W_query(x)\n",
    "        values = self.W_value(x)\n",
    "        attn_scores = queries @ keys.T\n",
    "        attn_weights = torch.softmax(attn_scores / keys.shape[-1]**0.5, dim=-1)\n",
    "        context_vec = attn_weights @ values\n",
    "        return context_vec"
   ]
  },
  {
   "cell_type": "markdown",
   "id": "38538df0",
   "metadata": {},
   "source": [
    "Step 1: Compute the attention weights"
   ]
  },
  {
   "cell_type": "code",
   "execution_count": 30,
   "id": "905904bd",
   "metadata": {},
   "outputs": [
    {
     "name": "stdout",
     "output_type": "stream",
     "text": [
      "tensor([[0.1921, 0.1646, 0.1652, 0.1550, 0.1721, 0.1510],\n",
      "        [0.2041, 0.1659, 0.1662, 0.1496, 0.1665, 0.1477],\n",
      "        [0.2036, 0.1659, 0.1662, 0.1498, 0.1664, 0.1480],\n",
      "        [0.1869, 0.1667, 0.1668, 0.1571, 0.1661, 0.1564],\n",
      "        [0.1830, 0.1669, 0.1670, 0.1588, 0.1658, 0.1585],\n",
      "        [0.1935, 0.1663, 0.1666, 0.1542, 0.1666, 0.1529]],\n",
      "       grad_fn=<SoftmaxBackward0>)\n"
     ]
    }
   ],
   "source": [
    "torch.manual_seed(789)\n",
    "sa_v2 = SelfAttention_v2(d_in, d_out)\n",
    "\n",
    "queries = sa_v2.W_query(inputs)\n",
    "keys = sa_v2.W_key(inputs)\n",
    "values = sa_v2.W_value(inputs)\n",
    "\n",
    "attn_scores = queries @ keys.T\n",
    "attn_weights = torch.softmax(attn_scores / keys.shape[-1]**0.5, dim=-1)\n",
    "print(attn_weights)"
   ]
  },
  {
   "cell_type": "markdown",
   "id": "f58bb993",
   "metadata": {},
   "source": [
    "Step 2: Create a mask where the values above the diagonal are zero and apply the mask to attention weigths"
   ]
  },
  {
   "cell_type": "code",
   "execution_count": 31,
   "id": "96c6db32",
   "metadata": {},
   "outputs": [
    {
     "name": "stdout",
     "output_type": "stream",
     "text": [
      "tensor([[1., 0., 0., 0., 0., 0.],\n",
      "        [1., 1., 0., 0., 0., 0.],\n",
      "        [1., 1., 1., 0., 0., 0.],\n",
      "        [1., 1., 1., 1., 0., 0.],\n",
      "        [1., 1., 1., 1., 1., 0.],\n",
      "        [1., 1., 1., 1., 1., 1.]])\n",
      "tensor([[0.1921, 0.0000, 0.0000, 0.0000, 0.0000, 0.0000],\n",
      "        [0.2041, 0.1659, 0.0000, 0.0000, 0.0000, 0.0000],\n",
      "        [0.2036, 0.1659, 0.1662, 0.0000, 0.0000, 0.0000],\n",
      "        [0.1869, 0.1667, 0.1668, 0.1571, 0.0000, 0.0000],\n",
      "        [0.1830, 0.1669, 0.1670, 0.1588, 0.1658, 0.0000],\n",
      "        [0.1935, 0.1663, 0.1666, 0.1542, 0.1666, 0.1529]],\n",
      "       grad_fn=<MulBackward0>)\n"
     ]
    }
   ],
   "source": [
    "context_length = attn_scores.shape[0]\n",
    "mask_simple = torch.tril(torch.ones(context_length, context_length))\n",
    "print(mask_simple)\n",
    "\n",
    "masked_attn_weights = attn_weights * mask_simple\n",
    "print(masked_attn_weights)"
   ]
  },
  {
   "cell_type": "markdown",
   "id": "78006621",
   "metadata": {},
   "source": [
    "Step 3: Renormalize the attention weights to sum up to 1 again in each row"
   ]
  },
  {
   "cell_type": "code",
   "execution_count": 32,
   "id": "f198e8b4",
   "metadata": {},
   "outputs": [
    {
     "name": "stdout",
     "output_type": "stream",
     "text": [
      "tensor([[1.0000, 0.0000, 0.0000, 0.0000, 0.0000, 0.0000],\n",
      "        [0.5517, 0.4483, 0.0000, 0.0000, 0.0000, 0.0000],\n",
      "        [0.3800, 0.3097, 0.3103, 0.0000, 0.0000, 0.0000],\n",
      "        [0.2758, 0.2460, 0.2462, 0.2319, 0.0000, 0.0000],\n",
      "        [0.2175, 0.1983, 0.1984, 0.1888, 0.1971, 0.0000],\n",
      "        [0.1935, 0.1663, 0.1666, 0.1542, 0.1666, 0.1529]],\n",
      "       grad_fn=<DivBackward0>)\n"
     ]
    }
   ],
   "source": [
    "row_sums = masked_attn_weights.sum(dim=-1, keepdim=True)\n",
    "masked_simple_norm = masked_attn_weights / row_sums\n",
    "print(masked_simple_norm)"
   ]
  },
  {
   "cell_type": "markdown",
   "id": "8e225fc2",
   "metadata": {},
   "source": [
    "## Simplified code by masking with -inf and applying softmax"
   ]
  },
  {
   "cell_type": "code",
   "execution_count": 33,
   "id": "46f75510",
   "metadata": {},
   "outputs": [
    {
     "name": "stdout",
     "output_type": "stream",
     "text": [
      "tensor([[0.2899,   -inf,   -inf,   -inf,   -inf,   -inf],\n",
      "        [0.4656, 0.1723,   -inf,   -inf,   -inf,   -inf],\n",
      "        [0.4594, 0.1703, 0.1731,   -inf,   -inf,   -inf],\n",
      "        [0.2642, 0.1024, 0.1036, 0.0186,   -inf,   -inf],\n",
      "        [0.2183, 0.0874, 0.0882, 0.0177, 0.0786,   -inf],\n",
      "        [0.3408, 0.1270, 0.1290, 0.0198, 0.1290, 0.0078]],\n",
      "       grad_fn=<MaskedFillBackward0>)\n"
     ]
    }
   ],
   "source": [
    "mask = torch.triu(torch.ones(context_length, context_length), diagonal=1)\n",
    "masked = attn_scores.masked_fill(mask.bool(), -torch.inf)\n",
    "print(masked)"
   ]
  },
  {
   "cell_type": "code",
   "execution_count": 34,
   "id": "509ef6d0",
   "metadata": {},
   "outputs": [
    {
     "name": "stdout",
     "output_type": "stream",
     "text": [
      "tensor([[1.0000, 0.0000, 0.0000, 0.0000, 0.0000, 0.0000],\n",
      "        [0.5517, 0.4483, 0.0000, 0.0000, 0.0000, 0.0000],\n",
      "        [0.3800, 0.3097, 0.3103, 0.0000, 0.0000, 0.0000],\n",
      "        [0.2758, 0.2460, 0.2462, 0.2319, 0.0000, 0.0000],\n",
      "        [0.2175, 0.1983, 0.1984, 0.1888, 0.1971, 0.0000],\n",
      "        [0.1935, 0.1663, 0.1666, 0.1542, 0.1666, 0.1529]],\n",
      "       grad_fn=<SoftmaxBackward0>)\n"
     ]
    }
   ],
   "source": [
    "attn_weights_masked_softmax = torch.softmax(masked / keys.shape[-1]**0.5, dim=1)\n",
    "print(attn_weights_masked_softmax)"
   ]
  },
  {
   "cell_type": "markdown",
   "id": "0813ac67",
   "metadata": {},
   "source": [
    "## Masking additional attention weights with dropout\n",
    "\n",
    "Dropout in deep learning is a technique where randomly selected hidden layer units are ignored during training, effectively “dropping” them out. This method helps prevent overfitting by ensuring that a model does not become overly reliant on any specific set of hidden layer units. It’s important to emphasize that dropout is only used during training and is disabled afterward."
   ]
  },
  {
   "cell_type": "code",
   "execution_count": 35,
   "id": "6d6e2376",
   "metadata": {},
   "outputs": [
    {
     "name": "stdout",
     "output_type": "stream",
     "text": [
      "tensor([[2., 2., 0., 2., 2., 0.],\n",
      "        [0., 0., 0., 2., 0., 2.],\n",
      "        [2., 2., 2., 2., 0., 2.],\n",
      "        [0., 2., 2., 0., 0., 2.],\n",
      "        [0., 2., 0., 2., 0., 2.],\n",
      "        [0., 2., 2., 2., 2., 0.]])\n",
      "tensor([[0.3843, 0.0000, 0.0000, 0.0000, 0.0000, 0.0000],\n",
      "        [0.0000, 0.0000, 0.3324, 0.0000, 0.3329, 0.2955],\n",
      "        [0.0000, 0.3318, 0.3325, 0.2996, 0.3328, 0.2961],\n",
      "        [0.0000, 0.0000, 0.3337, 0.3142, 0.0000, 0.3128],\n",
      "        [0.0000, 0.0000, 0.0000, 0.0000, 0.3317, 0.3169],\n",
      "        [0.3869, 0.3327, 0.0000, 0.3084, 0.3331, 0.3058]],\n",
      "       grad_fn=<MulBackward0>)\n"
     ]
    }
   ],
   "source": [
    "torch.manual_seed(123)\n",
    "dropout = torch.nn.Dropout(0.5)\n",
    "example = torch.ones(6, 6)\n",
    "print(dropout(example))\n",
    "\n",
    "dropout_attn_weights = dropout(attn_weights)\n",
    "print(dropout_attn_weights)"
   ]
  },
  {
   "cell_type": "markdown",
   "id": "c73e089d",
   "metadata": {},
   "source": [
    "When applying dropout to an attention weight matrix with a rate of 50%, half of the elements in the matrix are randomly set to zero. To compensate for the reduction in active elements, the values of the remaining elements in the matrix are scaled up by a factor of 1/0.5 = 2. This scaling is crucial to maintain the overall balance of the attention weights, ensuring that the average influence of the attention mechanism remains consistent during both the training and inference phases."
   ]
  },
  {
   "cell_type": "markdown",
   "id": "9c967c1e",
   "metadata": {},
   "source": [
    "## Causal attention class\n",
    "\n",
    "Let’s ensure that the code can handle batches consisting of more than one input so that the CausalAttention class supports the batch outputs produced by the data loader"
   ]
  },
  {
   "cell_type": "code",
   "execution_count": 40,
   "id": "9b418077",
   "metadata": {},
   "outputs": [
    {
     "name": "stdout",
     "output_type": "stream",
     "text": [
      "Batch shape: torch.Size([2, 6, 3])\n",
      "Context vector shape: torch.Size([2, 6, 2])\n"
     ]
    }
   ],
   "source": [
    "# this results in a 3 dimensional tensor of shape (batch_size, seq_length, d_out)\n",
    "batch = torch.stack((inputs, inputs), dim=0)\n",
    "print('Batch shape:', batch.shape)\n",
    "\n",
    "class CausalAttention(nn.Module):\n",
    "    def __init__(self, d_in, d_out, context_length, dropout, qkv_bias=False):\n",
    "        super().__init__()\n",
    "        self.d_out = d_out\n",
    "        self.W_query = nn.Linear(d_in, d_out, bias=qkv_bias)\n",
    "        self.W_key = nn.Linear(d_in, d_out, bias=qkv_bias)\n",
    "        self.W_value = nn.Linear(d_in, d_out, bias=qkv_bias)\n",
    "        self.dropout = nn.Dropout(dropout)\n",
    "        self.register_buffer(\"mask\", torch.triu(torch.ones(context_length, context_length), diagonal=1))\n",
    "\n",
    "    def forward(self, x):\n",
    "        b, num_tokens, d_in = x.shape\n",
    "        keys = self.W_key(x)\n",
    "        queries = self.W_query(x)\n",
    "        values = self.W_value(x)\n",
    "\n",
    "        attn_scores = queries @ keys.transpose(1, 2)\n",
    "        attn_scores.masked_fill_(self.mask.bool()[:num_tokens, :num_tokens], -torch.inf)\n",
    "        attn_weights = torch.softmax(attn_scores / keys.shape[-1]**0.5, dim=-1)\n",
    "        attn_weights = self.dropout(attn_weights)\n",
    "        context_vec = attn_weights @ values\n",
    "        return context_vec\n",
    "    \n",
    "\n",
    "torch.manual_seed(123)\n",
    "context_length = inputs.shape[0]\n",
    "causal_attn = CausalAttention(d_in, d_out, context_length, 0.0)\n",
    "context_vec = causal_attn(batch)\n",
    "print('Context vector shape:', context_vec.shape)\n"
   ]
  }
 ],
 "metadata": {
  "kernelspec": {
   "display_name": ".venv (3.13.5)",
   "language": "python",
   "name": "python3"
  },
  "language_info": {
   "codemirror_mode": {
    "name": "ipython",
    "version": 3
   },
   "file_extension": ".py",
   "mimetype": "text/x-python",
   "name": "python",
   "nbconvert_exporter": "python",
   "pygments_lexer": "ipython3",
   "version": "3.13.5"
  }
 },
 "nbformat": 4,
 "nbformat_minor": 5
}
